100
29 13
1 2 468 102 0 0 1 1 0 275 1 1.1 0.9
2 2 513 113 0 0 1 1 0 275 1 1.1 0.9
3 2 555 105 0 0 1 1 0 132 1 1.1 0.9
4 2 1308 317 0 0 1 1 0 275 1 1.1 0.9
5 2 502 128 0 0 1 1 0 400 1 1.1 0.9
6 2 1176 315 0 0 1 1 0 400 1 1.1 0.9
7 2 745 171 0 0 1 1 0 400 1 1.1 0.9
8 1 117.5 37.4 0 0 1 1 0 400 1 1.1 0.9
9 1 130 53 0 0 1 1 0 400 1 1.1 0.9
10 2 2561 465 0 0 1 1 0 400 1 1.1 0.9
11 2 3360 760 0 0 1 1 0 400 1 1.1 0.9
12 2 1189 338 0 0 1 1 0 400 1 1.1 0.9
13 1 2524 766 0 0 1 1 0 400 1 1.1 0.9
14 1 1831 566.5 0 0 1 1 0 400 1 1.1 0.9
15 2 2633 694.6 0 0 1 1 0 400 1 1.1 0.9
16 2 1607 655 0 0 1 1 0 400 1 1.1 0.9
17 2 1081 371 0 0 1 1 0 400 1 1.1 0.9
18 2 5362 1935 0 0 1 1 0 400 1 1.1 0.9
19 2 2019 648 0 0 1 1 0 400 1 1.1 0.9
20 2 1027.4 305.8 0 0 1 1 0 400 1 1.1 0.9
21 2 702 202.2 0 0 1 1 0 400 1 1.1 0.9
22 2 1820 665 0 0 1 1 0 400 1 1.1 0.9
23 2 4734 1337 0 0 1 1 0 400 1 1.1 0.9
24 1 1418 528 0 0 1 1 0 400 1 1.1 0.9
25 2 9734 2902 0 0 1 1 0 400 1 1.1 0.9
26 2 1424 434 0 0 1 1 0 400 1 1.1 0.9
27 3 457 138 0 0 1 1 0 400 1 1.1 0.9
28 2 2751 841 0 0 1 1 0 400 1 1.1 0.9
29 2 2577 356 0 0 1 1 0 400 1 1.1 0.9
66 21
1 493.5 -24.62 139.22 -188.46 1 100 1 668 0 0 0 0 0 0 0 0 0 0 0 0
1 549.58 19.47 105.23 -66.3 1 100 1 554.28 0 0 0 0 0 0 0 0 0 0 0 0
1 0 40 180 -100 1 100 1 300 0 0 0 0 0 0 0 0 0 0 0 0
1 18.72 -0.6 7.8 -8.99 1 100 1 18.72 0 0 0 0 0 0 0 0 0 0 0 0
2 36.43 -1.67 14.33 -17.67 1 100 1 50.6 0 0 0 0 0 0 0 0 0 0 0 0
2 1524 317.58 1108.5 -473.36 1 100 1 1524 0 0 0 0 0 0 0 0 0 0 0 0
2 12 0 0 0 1 100 1 12 0 0 0 0 0 0 0 0 0 0 0 0
3 387.9 -14.9 128.34 -158.14 1 100 1 550.99 0 0 0 0 0 0 0 0 0 0 0 0
3 13.54 -3.51 -3.51 -3.51 1 100 1 19 0 0 0 0 0 0 0 0 0 0 0 0
3 553 39.31 144.79 -66.17 1 100 1 553.12 0 0 0 0 0 0 0 0 0 0 0 0
3 15.12 -0.39 6.51 -7.29 1 100 1 15.12 0 0 0 0 0 0 0 0 0 0 0 0
4 25.2 -0.84 10.66 -12.34 1 100 1 35 0 0 0 0 0 0 0 0 0 0 0 0
4 2284 -18.77 641.47 -679 1 100 1 2284 0 0 0 0 0 0 0 0 0 0 0 0
4 340 6.24 150.34 -137.86 1 100 1 440 0 0 0 0 0 0 0 0 0 0 0 0
4 259 7.16 137.27 -122.95 1 100 1 259 0 0 0 0 0 0 0 0 0 0 0 0
5 1074 -6.65 416.47 -429.77 1 100 1 1074 0 0 0 0 0 0 0 0 0 0 0 0
5 23.2 2.72 15.39 -9.94 1 100 1 23.2 0 0 0 0 0 0 0 0 0 0 0 0
6 1001.5 -22.57 439.66 -484.8 1 100 1 1390.9 0 0 0 0 0 0 0 0 0 0 0 0
6 33 -0.35 24.8 -25.5 1 100 1 33 0 0 0 0 0 0 0 0 0 0 0 0
6 49.4 -2.7 12.09 -17.49 1 100 1 49.4 0 0 0 0 0 0 0 0 0 0 0 0
7 226.8 -2.63 125.76 -131.02 1 100 1 314.25 0 0 0 0 0 0 0 0 0 0 0 0
7 1216 106.13 681.34 -469.07 1 100 1 1215 0 0 0 0 0 0 0 0 0 0 0 0
7 1104 7.55 220.34 -205.24 1 100 1 1102 0 0 0 0 0 0 0 0 0 0 0 0
10 1208 9.76 559.19 -539.68 1 100 1 1207 0 0 0 0 0 0 0 0 0 0 0 0
10 1875 -66.23 697.17 -829.63 1 100 1 1875 0 0 0 0 0 0 0 0 0 0 0 0
10 420 14.95 167.95 -138.04 1 100 1 420 0 0 0 0 0 0 0 0 0 0 0 0
11 130.32 -57.6 -57.6 -57.6 1 100 1 180 0 0 0 0 0 0 0 0 0 0 0 0
11 2406 104.89 1216.1 -1006.3 1 100 1 2406 0 0 0 0 0 0 0 0 0 0 0 0
11 1961 150.88 873.22 -571.46 1 100 1 1987 0 0 0 0 0 0 0 0 0 0 0 0
11 155 9.51 94.22 -75.21 1 100 1 155 0 0 0 0 0 0 0 0 0 0 0 0
11 1039 65.62 670.32 -539.07 1 100 1 1039 0 0 0 0 0 0 0 0 0 0 0 0
12 980 80.93 579.98 -418.12 1 100 1 980 0 0 0 0 0 0 0 0 0 0 0 0
12 1885 53.49 960.05 -853.06 1 100 1 1885 0 0 0 0 0 0 0 0 0 0 0 0
12 210 10.73 116.42 -94.97 1 100 1 210 0 0 0 0 0 0 0 0 0 0 0 0
12 1096 -115.52 344.48 -575.52 1 100 1 2004 0 0 0 0 0 0 0 0 0 0 0 0
15 7800 503.58 3535 -2527.9 1 100 1 7832 0 0 0 0 0 0 0 0 0 0 0 0
16 3972 148.72 1587.1 -1289.6 1 100 1 3987 0 0 0 0 0 0 0 0 0 0 0 0
16 7041 149.33 3653.2 -3354.6 1 100 1 7040 0 0 0 0 0 0 0 0 0 0 0 0
16 1218 102.24 767.33 -562.85 1 100 1 1218 0 0 0 0 0 0 0 0 0 0 0 0
17 2000 204.15 814.23 -405.94 1 100 1 2021 0 0 0 0 0 0 0 0 0 0 0 0
18 1960 175.4 884.97 -534.17 1 100 1 1982 0 0 0 0 0 0 0 0 0 0 0 0
18 228 -16.78 40.02 -73.58 1 100 1 228 0 0 0 0 0 0 0 0 0 0 0 0
19 2845 -66.18 1336.6 -1469 1 100 1 2845 0 0 0 0 0 0 0 0 0 0 0 0
19 406.8 0 162.7 -162.7 1 100 1 406.8 0 0 0 0 0 0 0 0 0 0 0 0
20 1200 48.88 621.14 -523.38 1 100 1 1200 0 0 0 0 0 0 0 0 0 0 0 0
20 360 236.64 236.64 236.64 1 100 1 360 0 0 0 0 0 0 0 0 0 0 0 0
21 665 10.04 326.15 -306.07 1 100 1 665 0 0 0 0 0 0 0 0 0 0 0 0
22 401.1 -21.48 189.72 -232.68 1 100 1 401 0 0 0 0 0 0 0 0 0 0 0 0
23 3772 100.7 1589.7 -1388.3 1 100 1 3801 0 0 0 0 0 0 0 0 0 0 0 0
23 363 -34.59 84.81 -153.99 1 100 1 363 0 0 0 0 0 0 0 0 0 0 0 0
23 470 53.16 317.76 -211.43 1 100 1 470.4 0 0 0 0 0 0 0 0 0 0 0 0
23 3081 -30.71 1200.8 -1262.2 1 100 1 4431 0 0 0 0 0 0 0 0 0 0 0 0
23 0 0 0 0 1 100 1 100 0 0 0 0 0 0 0 0 0 0 0 0
25 2123 0.98 949.38 -947.42 1 100 1 2123 0 0 0 0 0 0 0 0 0 0 0 0
25 0 0 0 0 1 100 1 1245 0 0 0 0 0 0 0 0 0 0 0 0
26 1940 225.05 881.44 -431.35 1 100 1 1966 0 0 0 0 0 0 0 0 0 0 0 0
26 1104 44.74 384.11 -294.62 1 100 1 1131 0 0 0 0 0 0 0 0 0 0 0 0
26 2465 69.94 1254.5 -1114.6 1 100 1 3165 0 0 0 0 0 0 0 0 0 0 0 0
26 0 0 0 0 1 100 1 1355 0 0 0 0 0 0 0 0 0 0 0 0
27 1082 62.12 666.03 -541.79 1 100 1 1081 0 0 0 0 0 0 0 0 0 0 0 0
27 216 35.5 71 0 1 100 1 300 0 0 0 0 0 0 0 0 0 0 0 0
28 1320 39.06 657.82 -579.7 1 100 1 1320 0 0 0 0 0 0 0 0 0 0 0 0
28 208 -5.21 60.79 -71.21 1 100 1 208 0 0 0 0 0 0 0 0 0 0 0 0
29 1261 -12.56 455.32 -480.43 1 100 1 1261 0 0 0 0 0 0 0 0 0 0 0 0
29 905 -4.34 403.35 -412.03 1 100 1 905 0 0 0 0 0 0 0 0 0 0 0 0
29 0 0 0 0 1 100 1 140 0 0 0 0 0 0 0 0 0 0 0 0
99 13
1 2 0.0122 0.02 0.0856 525 525 525 0 0 1 -360 360
1 3 0.007 0.15 0.052 132 132 132 1 2 1 -360 360
1 2 0.0122 0.02 0.2844 525 525 525 0 0 1 -360 360
1 3 0.007 0.15 0.052 132 132 132 1 2 1 -360 360
2 4 0.0004 0.065 0.4454 760 760 760 0 0 1 -360 360
2 4 0.0004 0.065 0.5545 760 760 760 0 0 1 -360 360
4 7 0.00211 0.0135 0.1174 1090 1090 1090 0 0 1 -360 360
4 6 0.0013 0.023 0.1496 1500 1500 1500 0 0 1 -360 360
4 6 0.0013 0.023 0.1758 1120 1120 1120 0 0 1 -360 360
4 5 0.001 0.024 0.125 1000 1000 1000 0 0 1 -360 360
4 5 0.001 0.024 0.125 1000 1000 1000 0 0 1 -360 360
4 7 0.0021 0.0135 0.1538 1090 1090 1090 0 0 1 -360 360
5 6 0.00085 0.01051 0.38254 1390 1390 1390 0 0 1 -360 360
5 6 0.00151 0.01613 0.59296 1390 1390 1390 0 0 1 -360 360
6 9 0.00078 0.00852 0.0737 2100 2100 2100 0 0 1 -360 360
6 9 0.00078 0.00852 0.4635 2100 2100 2100 0 0 1 -360 360
7 8 0.0004 0.0001 0.728 2180 2180 2180 0 0 1 -360 360
7 8 0.0004 0.0001 1.2872 2500 2500 2500 0 0 1 -360 360
7 6 0.003 0.2 0.2939 950 950 950 0 0 1 -360 360
7 6 0.003 0.2 0.2939 950 950 950 0 0 1 -360 360
8 10 0.00083 0.0175 0.6624 3070 3070 3070 0 0 1 -360 360
8 10 0.00083 0.0175 0.6624 3070 3070 3070 0 0 1 -360 360
9 11 0.00164 0.0163 0.4868 1390 1390 1390 0 0 1 -360 360
9 11 0.00164 0.0163 0.4868 1390 1390 1390 0 0 1 -360 360
9 10 0.00352 0.02453 0.1898 855 855 855 0 0 1 -360 360
9 10 0.00492 0.0343 0.2502 775 775 775 0 0 1 -360 360
10 15 0.00053 0.00835 5.373 4840 4840 4840 0 0 1 -360 360
10 15 0.00052 0.0063 1.0636 4020 4020 4020 0 0 1 -360 360
11 15 0.0007 0.042 0.3907 2520 2520 2520 0 0 1 -360 360
11 15 0.00099 0.042 0.5738 2520 2520 2520 0 0 1 -360 360
11 13 0.0004 0.0052 0.2498 2170 2170 2170 0 0 1 -360 360
11 13 0.0004 0.0052 0.2664 2210 2210 2210 0 0 1 -360 360
11 12 0.0001 0.0085 0.0798 3320 3320 3320 0 0 1 -360 360
11 12 0.0001 0.0085 0.0798 3320 3320 3320 0 0 1 -360 360
12 13 0.00096 0.01078 0.385 3100 3100 3100 0 0 1 -360 360
12 18 0.00074 0.009 0.2911 2400 2400 2400 1 2 1 -360 360
12 18 0.00097 0.009 0.3835 2400 2400 2400 0 0 1 -360 360
12 13 0.00096 0.01078 0.385 3100 3100 3100 1 2 1 -360 360
13 18 0.00049 0.007 0.1943 2400 2400 2400 0 0 1 -360 360
13 18 0.00084 0.007 0.7759 2400 2400 2400 0 0 1 -360 360
13 15 0.00137 0.023 0.6643 1240 1240 1240 0 0 1 -360 360
13 15 0.00164 0.023 0.1104 955 955 955 0 0 1 -360 360
13 14 0.00107 0.01163 1.1745 1040 1040 1040 0 0 1 -360 360
13 14 0.00082 0.01201 1.2125 1040 1040 1040 0 0 1 -360 360
14 16 0.0005 0.016 0.2795 2580 2580 2580 0 0 1 -360 360
14 16 0.005 0.018 0.1466 625 625 625 0 0 1 -360 360
15 16 0.00033 0.0052 0.3534 2770 2770 2770 0 0 1 -360 360
15 16 0.00016 0.00172 0.3992 5540 5540 5540 0 0 1 -360 360
15 14 0.00019 0.00222 0.7592 5000 5000 5000 0 0 1 -360 360
15 14 0.00018 0.00222 0.5573 5000 5000 5000 0 0 1 -360 360
16 19 0.00056 0.0141 0.4496 2780 2780 2780 0 0 1 -360 360
16 19 0.00056 0.0141 0.4496 3820 3820 3820 0 0 1 -360 360
17 16 0.001 0.01072 0.2651 2150 2150 2150 0 0 1 -360 360
17 16 0.001 0.01072 0.4573 1890 1890 1890 0 0 1 -360 360
17 22 0.00068 0.0097 0.4566 2100 2100 2100 0 0 1 -360 360
17 22 0.00069 0.0097 0.4574 2100 2100 2100 0 0 1 -360 360
18 17 0.00042 0.0018 0.2349 3100 3100 3100 0 0 1 -360 360
18 17 0.00042 0.0018 0.2349 3460 3460 3460 0 0 1 -360 360
18 23 0.00138 0.0096 0.4829 1970 1970 1970 0 0 1 -360 360
18 23 0.00117 0.0096 0.4122 1970 1970 1970 0 0 1 -360 360
20 26 0.00035 0.0023 0.2249 2780 2780 2780 0 0 1 -360 360
20 26 0.00035 0.0023 0.2249 2780 2780 2780 0 0 1 -360 360
20 19 0.00178 0.0213 0.6682 1590 1590 1590 0 0 1 -360 360
20 19 0.00132 0.0143 0.3656 1590 1590 1590 0 0 1 -360 360
21 16 0.00145 0.01824 0.9169 2780 2780 2780 0 0 1 -360 360
21 16 0.00145 0.01824 0.9169 2780 2780 2780 0 0 1 -360 360
21 25 0.00025 0.01 0.1586 2780 2780 2780 0 0 1 -360 360
21 25 0.00025 0.01 0.1586 2780 2780 2780 0 0 1 -360 360
21 20 0.0012 0.0048 0.4446 2780 2780 2780 0 0 1 -360 360
21 20 0.0012 0.0048 0.7 2780 2780 2780 0 0 1 -360 360
21 19 0.00037 0.0059 0.294 3030 3030 3030 0 0 1 -360 360
21 19 0.00037 0.0059 0.2955 2780 2780 2780 0 0 1 -360 360
22 16 0.00178 0.0172 0.8403 2010 2010 2010 0 0 1 -360 360
22 16 0.00178 0.0172 0.627 2010 2010 2010 0 0 1 -360 360
22 25 0.00037 0.0041 0.4098 3275 3275 3275 0 0 1 -360 360
22 25 0.00034 0.0041 0.429 3275 3275 3275 0 0 1 -360 360
22 21 0.00019 0.00111 0.1232 2780 2780 2780 0 0 1 -360 360
22 21 0.00048 0.0061 0.3041 2780 2780 2780 0 0 1 -360 360
23 29 0.00151 0.0182 0.53 2010 2010 2010 0 0 1 -360 360
23 24 0.00086 0.0008 0.9622 2780 2780 2780 0 0 1 -360 360
23 24 0.00023 0.0007 2.8447 4400 4400 4400 0 0 1 -360 360
23 22 0.00055 0.003 0.3468 2780 2780 2780 0 0 1 -360 360
23 22 0.00039 0.003 0.2466 2770 2770 2770 0 0 1 -360 360
23 29 0.00151 0.0182 0.53 2010 2010 2010 0 0 1 -360 360
24 28 0.00068 0.007 0.2388 2210 2210 2210 0 0 1 -360 360
24 25 0.00104 0.0091 0.2918 1390 1390 1390 0 0 1 -360 360
24 25 0.00104 0.0091 0.2918 1390 1390 1390 0 0 1 -360 360
24 28 0.00068 0.007 0.2388 2210 2210 2210 0 0 1 -360 360
25 26 0.0002 0.0057 0.532 6960 6960 6960 0 0 1 -360 360
25 26 0.0002 0.0057 0.532 5540 5540 5540 0 0 1 -360 360
27 26 0.0002 0.00503 0.1797 3100 3100 3100 0 0 1 -360 360
27 26 0.0002 0.00503 0.1797 3100 3100 3100 0 0 1 -360 360
28 27 0.00038 0.00711 0.2998 3070 3070 3070 0 0 1 -360 360
28 27 0.00038 0.00711 0.2998 3070 3070 3070 0 0 1 -360 360
29 28 0.00051 0.00796 0.34 2780 2780 2780 0 0 1 -360 360
29 28 0.00051 0.00796 0.34 2780 2780 2780 0 0 1 -360 360
3 4 0.003 0.041 0.0044 648 648 648 0 0 1 -360 360
3 4 0.003 0.041 0.044 648 648 648 0 0 1 -360 360
3 2 0.03004 0.077 0.0124 652 652 652 0 0 1 -360 360
